last-generated=2026-06-14
statistics-initialization=
{
  "nonlinear": "0, 0, 0, 0, 2, 0, 0, 0, 0, 0, 0, 0, 0, 1",
  "numerical Jacobians": "0"
}
statistics-simulation=
{
  "linear": " ",
  "nonlinear": "4, 2, 0, 0, 0, 0, 0, 0, 0, 0, 1",
  "number of continuous time states": "6",
  "numerical Jacobians": "0"
}
time=[0e+00, 1.8e+04]
loo1.res1.m_flow=[-0e+00, 3.425e+01, 6.85e+01, 1.0275e+02, 1.37e+02, 1.7125e+02, 2.055e+02, 2.397500000000001e+02, 2.74e+02, 3.0825e+02, 3.425e+02, 3.7675e+02, 4.11e+02, 4.4525e+02, 4.795000000000001e+02, 5.1375e+02, 5.48e+02, 5.8225e+02, 6.165e+02, 6.5075e+02, 6.85e+02, 3.425e+01, 6.85e+01, 1.0275e+02, 1.37e+02, 1.7125e+02, 2.055e+02, 2.3975e+02, 2.740000000000002e+02, 3.0825e+02, 3.425e+02, 3.7675e+02, 4.11e+02, 4.4525e+02, 4.795e+02, 5.1375e+02, 5.48e+02, 5.8225e+02, 6.165e+02, 6.5075e+02, 6.85e+02, 3.425e+01, 6.85e+01, 1.0275e+02, 1.37e+02, 1.7125e+02, 2.055e+02, 2.3975e+02, 2.74e+02, 3.0825e+02, 3.425e+02, 3.7675e+02, 4.11e+02, 4.4525e+02, 4.795e+02, 5.1375e+02, 5.480000000000003e+02, 5.8225e+02, 6.165e+02, 6.5075e+02, 6.85e+02, 3.425e+01, 6.85e+01, 1.0275e+02, 1.37e+02, 1.7125e+02, 2.055e+02, 2.3975e+02, 2.74e+02, 3.082499999999997e+02, 3.425e+02, 3.7675e+02, 4.11e+02, 4.4525e+02, 4.795e+02, 5.1375e+02, 5.48e+02, 5.8225e+02, 6.165e+02, 6.5075e+02, 6.85e+02, 3.425000000000035e+01, 6.85e+01, 1.0275e+02, 1.37e+02, 1.7125e+02, 2.055e+02, 2.3975e+02, 2.74e+02, 3.0825e+02, 3.425e+02, 3.7675e+02, 4.11e+02, 4.4525e+02, 4.795e+02, 5.1375e+02, 5.48e+02, 5.8225e+02, 6.165e+02, 6.5075e+02, 6.85e+02]
loo1.expUp.exp.p=[6e+05, 6e+05, 6e+05, 6e+05, 6e+05, 6e+05, 6e+05, 6e+05, 6e+05, 6e+05, 6e+05, 6e+05, 6e+05, 6e+05, 6e+05, 6e+05, 6e+05, 6e+05, 6e+05, 6e+05, 6e+05, 6e+05, 6e+05, 6e+05, 6e+05, 6e+05, 6e+05, 6e+05, 6e+05, 6e+05, 6e+05, 6e+05, 6e+05, 6e+05, 6e+05, 6e+05, 6e+05, 6e+05, 6e+05, 6e+05, 6e+05, 6e+05, 6e+05, 6e+05, 6e+05, 6e+05, 6e+05, 6e+05, 6e+05, 6e+05, 6e+05, 6e+05, 6e+05, 6e+05, 6e+05, 6e+05, 6e+05, 6e+05, 6e+05, 6e+05, 6e+05, 6e+05, 6e+05, 6e+05, 6e+05, 6e+05, 6e+05, 6e+05, 6e+05, 6e+05, 6e+05, 6e+05, 6e+05, 6e+05, 6e+05, 6e+05, 6e+05, 6e+05, 6e+05, 6e+05, 6e+05, 6e+05, 6e+05, 6e+05, 6e+05, 6e+05, 6e+05, 6e+05, 6e+05, 6e+05, 6e+05, 6e+05, 6e+05, 6e+05, 6e+05, 6e+05, 6e+05, 6e+05, 6e+05, 6e+05, 6e+05]
