last-generated=2026-06-11
statistics-initialization=
{
  "nonlinear": "0, 0, 0, 0, 30, 0, 0, 0, 0, 0, 0, 0, 0, 0, 1, 1, 1",
  "numerical Jacobians": "0"
}
statistics-simulation=
{
  "linear": " ",
  "nonlinear": "4, 4, 4, 31, 0, 0, 0, 0, 0, 0, 0, 1, 1, 1",
  "number of continuous time states": "18",
  "numerical Jacobians": "0"
}
time=[0e+00, 1.8e+04]
loo1.res1.m_flow=[-0e+00, -0e+00, -0e+00, -0e+00, -0e+00, -0e+00, -0e+00, 0e+00, -0e+00, -0e+00, -0e+00, -0e+00, -0e+00, -0e+00, 0e+00, -0e+00, -0e+00, -0e+00, -0e+00, -0e+00, -0e+00, 3.418087768554688e+01, 6.839551544189453e+01, 1.026443481445312e+02, 1.368285827636719e+02, 1.710526123046875e+02, 2.052199554443359e+02, 2.394217224121094e+02, 2.736090087890627e+02, 3.078094787597656e+02, 3.420069885253906e+02, 3.762059020996094e+02, 4.129203796386719e+02, 4.446262817382812e+02, 4.753353576660156e+02, 5.13120361328125e+02, 5.4736865234375e+02, 5.83697998046875e+02, 6.158323974609375e+02, 6.500634155273438e+02, 6.888600463867188e+02, 6.849998168945312e+02, 6.850000610351562e+02, 6.85e+02, 6.85e+02, 6.85e+02, 6.85e+02, 6.85e+02, 6.85e+02, 6.85e+02, 6.85e+02, 6.85e+02, 6.85e+02, 6.85e+02, 6.85e+02, 6.85e+02, 6.85e+02, 6.85e+02, 6.85e+02, 6.85e+02, 6.85e+02, 6.85e+02, 6.85e+02, 6.85e+02, 6.85e+02, 6.85e+02, 6.85e+02, 6.85e+02, 6.85e+02, 6.85e+02, 6.85e+02, 6.85e+02, 6.85e+02, 6.85e+02, 6.85e+02, 6.85e+02, 6.85e+02, 6.85e+02, 6.85e+02, 6.85e+02, 6.85e+02, 6.85e+02, 6.85e+02, 6.85e+02, 6.85e+02, 6.85e+02, 6.85e+02, 6.85e+02, 6.85e+02, 6.85e+02, 6.85e+02, 6.85e+02, 6.85e+02, 6.85e+02, 6.85e+02, 6.85e+02, 6.85e+02, 6.85e+02, 6.85e+02, 6.85e+02, 6.85e+02]
loo1.expUp.exp.p=[6e+05, 6e+05, 6e+05, 6e+05, 6e+05, 6e+05, 6e+05, 6e+05, 6e+05, 6e+05, 6e+05, 6e+05, 6e+05, 6e+05, 6e+05, 6e+05, 6e+05, 6e+05, 6e+05, 6e+05, 6e+05, 5.97168625e+05, 5.935055e+05, 5.8823475e+05, 5.80831875e+05, 5.710575625e+05, 5.590514375e+05, 5.452923125e+05, 5.300520624999999e+05, 5.1361421875e+05, 4.96268125e+05, 4.783185e+05, 4.62255375e+05, 4.68979125e+05, 4.5750334375e+05, 5.24232375e+05, 5.359645625e+05, 5.306335e+05, 5.279951875e+05, 5.0640628125e+05, 5.283019375e+05, 5.65495375e+05, 5.654950625e+05, 5.65494875e+05, 5.65495e+05, 5.65495125e+05, 5.6549525e+05, 5.654954375e+05, 5.65495625e+05, 5.654958125e+05, 5.65496e+05, 5.6549625e+05, 5.654964375e+05, 5.65496625e+05, 5.654968125e+05, 5.6549675e+05, 5.654966875e+05, 5.65496625e+05, 5.654965625e+05, 5.654964375e+05, 5.65496375e+05, 5.654963125e+05, 5.654963125e+05, 5.654963125e+05, 5.654963125e+05, 5.654963125e+05, 5.654963125e+05, 5.654963125e+05, 5.654963125e+05, 5.654963125e+05, 5.654963125e+05, 5.654963125e+05, 5.654963125e+05, 5.654963125e+05, 5.654963125e+05, 5.654963125e+05, 5.654963125e+05, 5.654963125e+05, 5.654963125e+05, 5.654963125e+05, 5.654963125e+05, 5.654963125e+05, 5.654963125e+05, 5.654963125e+05, 5.654963125e+05, 5.654963125e+05, 5.654963125e+05, 5.654963125e+05, 5.654963125e+05, 5.654963125e+05, 5.654963125e+05, 5.654963125e+05, 5.654963125e+05, 5.654963125e+05, 5.654963125e+05, 5.654963125e+05, 5.654963125e+05, 5.654963125e+05, 5.654963125e+05, 5.654963125e+05, 5.654963125e+05]
loo2.expUp.exp.p=[6e+05, 6e+05, 6e+05, 6e+05, 6e+05, 6e+05, 6e+05, 6e+05, 6e+05, 6e+05, 6e+05, 6e+05, 6e+05, 6e+05, 6e+05, 6e+05, 6e+05, 6e+05, 6e+05, 6e+05, 6e+05, 6.0002475e+05, 6.000885e+05, 6.002065625e+05, 6.00460875e+05, 6.010158125e+05, 6.02043625e+05, 6.0380875e+05, 6.064728125e+05, 6.1033375e+05, 6.15672375e+05, 6.227961875e+05, 6.36311125e+05, 6.707878125e+05, 6.88134e+05, 7.9300725e+05, 8.418156875e+05, 8.78436375e+05, 9.151419375e+05, 9.3778825e+05, 1.01274325e+06, 1.044495125e+06, 1.044495125e+06, 1.044494875e+06, 1.044495e+06, 1.044495125e+06, 1.04449525e+06, 1.0444954375e+06, 1.044495625e+06, 1.0444958125e+06, 1.044496e+06, 1.04449625e+06, 1.0444964375e+06, 1.044496625e+06, 1.0444968125e+06, 1.04449675e+06, 1.0444966875e+06, 1.044496625e+06, 1.0444965625e+06, 1.0444964375e+06, 1.044496375e+06, 1.0444963125e+06, 1.0444963125e+06, 1.0444963125e+06, 1.0444963125e+06, 1.0444963125e+06, 1.0444963125e+06, 1.0444963125e+06, 1.0444963125e+06, 1.0444963125e+06, 1.0444963125e+06, 1.0444963125e+06, 1.0444963125e+06, 1.0444963125e+06, 1.0444963125e+06, 1.0444963125e+06, 1.0444963125e+06, 1.0444963125e+06, 1.0444963125e+06, 1.0444963125e+06, 1.0444963125e+06, 1.0444963125e+06, 1.0444963125e+06, 1.0444963125e+06, 1.0444963125e+06, 1.0444963125e+06, 1.0444963125e+06, 1.0444963125e+06, 1.0444963125e+06, 1.0444963125e+06, 1.0444963125e+06, 1.0444963125e+06, 1.0444963125e+06, 1.0444963125e+06, 1.0444963125e+06, 1.0444963125e+06, 1.0444963125e+06, 1.0444963125e+06, 1.0444963125e+06, 1.0444963125e+06, 1.0444963125e+06]
loo3.expUp.exp.p=[6e+05, 6e+05, 6e+05, 6e+05, 6e+05, 6e+05, 6e+05, 6e+05, 6e+05, 6e+05, 6e+05, 6e+05, 6e+05, 6e+05, 6e+05, 6e+05, 6e+05, 6e+05, 6e+05, 6e+05, 6e+05, 6.028701875e+05, 6.066495625e+05, 6.1214375e+05, 6.200403125e+05, 6.3090325e+05, 6.44934125e+05, 6.621795625e+05, 6.827044375000001e+05, 7.06813125e+05, 7.34785875e+05, 7.6693325e+05, 8.112689375e+05, 8.721180625e+05, 9.20343875e+05, 1.061115375e+06, 1.14693225e+06, 1.226283625e+06, 1.301333875e+06, 1.368123e+06, 1.492215125e+06, 1.521995e+06, 1.521995125e+06, 1.521994875e+06, 1.521995e+06, 1.521995125e+06, 1.52199525e+06, 1.521995375e+06, 1.521995625e+06, 1.521995875e+06, 1.521996e+06, 1.52199625e+06, 1.521996375e+06, 1.521996625e+06, 1.521996875e+06, 1.52199675e+06, 1.521996625e+06, 1.521996625e+06, 1.5219965e+06, 1.5219965e+06, 1.521996375e+06, 1.521996375e+06, 1.521996375e+06, 1.521996375e+06, 1.521996375e+06, 1.521996375e+06, 1.521996375e+06, 1.521996375e+06, 1.52199625e+06, 1.52199625e+06, 1.52199625e+06, 1.52199625e+06, 1.52199625e+06, 1.52199625e+06, 1.52199625e+06, 1.52199625e+06, 1.52199625e+06, 1.52199625e+06, 1.52199625e+06, 1.52199625e+06, 1.52199625e+06, 1.52199625e+06, 1.52199625e+06, 1.52199625e+06, 1.52199625e+06, 1.52199625e+06, 1.52199625e+06, 1.52199625e+06, 1.52199625e+06, 1.52199625e+06, 1.52199625e+06, 1.52199625e+06, 1.52199625e+06, 1.52199625e+06, 1.52199625e+06, 1.52199625e+06, 1.52199625e+06, 1.52199625e+06, 1.52199625e+06, 1.52199625e+06, 1.52199625e+06]
